[gd_scene load_steps=53 format=2]

[ext_resource path="res://assets/ratModel/rat.tscn" type="PackedScene" id=1]
[ext_resource path="res://Demos/AdvancedToon/RatMaterialControl.gd" type="Script" id=2]
[ext_resource path="res://Shaders/AdvancedToonBase.shader" type="Shader" id=3]
[ext_resource path="res://assets/ratModel/rat_head_eyes_mask.png" type="Texture" id=4]
[ext_resource path="res://assets/ratModel/rat_head_teeth_mask.png" type="Texture" id=5]
[ext_resource path="res://Shaders/outline3D.shader" type="Shader" id=6]
[ext_resource path="res://Demos/AdvancedToon/KeyLight.gd" type="Script" id=7]
[ext_resource path="res://Demos/AdvancedToon/RatSpecularControl.gd" type="Script" id=8]
[ext_resource path="res://Demos/AdvancedToon/Defaults/Copper_Matcap.png" type="Texture" id=9]
[ext_resource path="res://Demos/AdvancedToon/Defaults/ramps/fill_light_ramp.tres" type="Texture" id=10]
[ext_resource path="res://Demos/AdvancedToon/Defaults/ramps/anisotropic_ramp.tres" type="Texture" id=11]
[ext_resource path="res://Demos/AdvancedToon/Defaults/ramps/anisotropic_sharpness_ramp.tres" type="Texture" id=12]
[ext_resource path="res://Demos/AdvancedToon/Defaults/ramps/anisotropic_softness_ramp.tres" type="Texture" id=13]
[ext_resource path="res://Demos/AdvancedToon/Defaults/ramps/hard_specular_ramp.tres" type="Texture" id=14]
[ext_resource path="res://Demos/AdvancedToon/Defaults/ramps/key_light_ramp.tres" type="Texture" id=15]
[ext_resource path="res://Demos/AdvancedToon/Defaults/ramps/kick_light_ramp.tres" type="Texture" id=16]
[ext_resource path="res://Demos/AdvancedToon/Defaults/AnisotropicNoise/high_frequency_anisotropic_noise.tres" type="Texture" id=17]
[ext_resource path="res://Demos/AdvancedToon/Defaults/AnisotropicNoise/spottiness_anisotropic_noise.tres" type="Texture" id=18]
[ext_resource path="res://Demos/AdvancedToon/Defaults/AnisotropicNoise/low_frequency_anisotropic_noise.tres" type="Texture" id=19]
[ext_resource path="res://Demos/AdvancedToon/Defaults/ramps/soft_specular_ramp.tres" type="Texture" id=20]
[ext_resource path="res://Demos/AdvancedToon/Defaults/ramps/outline_ramp.tres" type="Texture" id=21]
[ext_resource path="res://assets/ratModel/rat_body_flesh_mask.png" type="Texture" id=22]
[ext_resource path="res://assets/ratModel/rat_head_flesh_mask.png" type="Texture" id=23]
[ext_resource path="res://assets/ratModel/rat_body_claws_mask.png" type="Texture" id=24]
[ext_resource path="res://assets/random_tech_lines.png" type="Texture" id=25]

[sub_resource type="World" id=1]

[sub_resource type="SphereMesh" id=2]

[sub_resource type="World" id=3]

[sub_resource type="SpatialMaterial" id=4]
albedo_color = Color( 0, 0, 0, 1 )
roughness = 0.4

[sub_resource type="Environment" id=6]
glow_enabled = true
glow_levels/4 = true
glow_levels/6 = true
glow_blend_mode = 0
glow_bicubic_upscale = true

[sub_resource type="ShaderMaterial" id=7]
shader = ExtResource( 6 )
shader_param/thickness = 0.01
shader_param/outline_color = Color( 0, 0, 0, 1 )

[sub_resource type="ViewportTexture" id=8]
flags = 13
viewport_path = NodePath("LightData/Viewport")

[sub_resource type="ViewportTexture" id=9]
flags = 13
viewport_path = NodePath("SpecularData/Viewport")

[sub_resource type="ShaderMaterial" id=10]
resource_local_to_scene = true
next_pass = SubResource( 7 )
shader = ExtResource( 3 )
shader_param/base_color = Color( 0.686275, 0.713726, 0.752941, 1 )
shader_param/paint_color1 = Color( 1, 1, 1, 1 )
shader_param/paint_color2 = Color( 1, 1, 1, 1 )
shader_param/paint_color3 = Color( 1, 1, 1, 1 )
shader_param/specular_softness = 0.842
shader_param/specular_size = 0.0
shader_param/specular_color = Color( 1, 1, 1, 1 )
shader_param/outline_color = Color( 0, 0, 0, 1 )
shader_param/outline_size = 0.304
shader_param/key_light_color = Color( 0.960784, 0.929412, 0.85098, 1 )
shader_param/fill_light_color = Color( 0.121569, 0.027451, 0.117647, 1 )
shader_param/kick_light_color = Color( 0.882353, 0.941176, 0.945098, 1 )
shader_param/shadow_color = Color( 0.164706, 0.196078, 0.227451, 1 )
shader_param/dark_metalness_color = Color( 0.0823529, 0.298039, 0.027451, 1 )
shader_param/light_metalness_color = Color( 0.964706, 0.870588, 0.854902, 1 )
shader_param/metalness_contrast_factor = 1.0
shader_param/metalness = 0.0
shader_param/world_camera_position = Vector3( 0, 3.34385, 7.32658 )
shader_param/anisotropic_specular_color = Color( 1, 1, 1, 1 )
shader_param/anisotropic_specular_width = 10.0
shader_param/anisotropic_specular_strength = 0.0
shader_param/anisotropic_specular_contrast = 5.0
shader_param/anisotropic_specular_brightness = 0.85
shader_param/light_data = SubResource( 8 )
shader_param/specular_data = SubResource( 9 )
shader_param/metalness_texture = ExtResource( 9 )
shader_param/key_light_ramp = ExtResource( 15 )
shader_param/fill_light_ramp = ExtResource( 10 )
shader_param/kick_light_ramp = ExtResource( 16 )
shader_param/outline_ramp = ExtResource( 21 )
shader_param/soft_specular_ramp = ExtResource( 20 )
shader_param/hard_specular_ramp = ExtResource( 14 )
shader_param/anisotropic_ramp = ExtResource( 11 )
shader_param/anisotropic_sharpness_ramp = ExtResource( 12 )
shader_param/anisotropic_softness_ramp = ExtResource( 13 )
shader_param/high_frequency_anisotropic_noise = ExtResource( 17 )
shader_param/low_frequency_anisotropic_noise = ExtResource( 19 )
shader_param/spottiness_anisotropic_noise = ExtResource( 18 )

[sub_resource type="ShaderMaterial" id=11]
shader = ExtResource( 6 )
shader_param/thickness = 0.02
shader_param/outline_color = Color( 0.0392157, 0.0862745, 0.266667, 1 )

[sub_resource type="Gradient" id=12]
offsets = PoolRealArray( 0.291667, 0.690476 )

[sub_resource type="GradientTexture" id=13]
gradient = SubResource( 12 )

[sub_resource type="Gradient" id=14]
offsets = PoolRealArray( 0.166667, 0.178571 )

[sub_resource type="GradientTexture" id=15]
gradient = SubResource( 14 )

[sub_resource type="Gradient" id=16]
offsets = PoolRealArray( 0.2, 0.283333 )

[sub_resource type="GradientTexture" id=17]
gradient = SubResource( 16 )

[sub_resource type="Gradient" id=18]
offsets = PoolRealArray( 0.214286, 0.291667 )

[sub_resource type="GradientTexture" id=19]
gradient = SubResource( 18 )

[sub_resource type="ViewportTexture" id=20]
viewport_path = NodePath("LightData/Viewport")

[sub_resource type="Gradient" id=21]
offsets = PoolRealArray( 0.470238, 0.511905 )
colors = PoolColorArray( 1, 1, 1, 1, 0, 0, 0, 1 )

[sub_resource type="GradientTexture" id=22]
resource_local_to_scene = true
gradient = SubResource( 21 )

[sub_resource type="Gradient" id=23]
offsets = PoolRealArray( 0.0833333, 0.636905 )

[sub_resource type="GradientTexture" id=24]
gradient = SubResource( 23 )

[sub_resource type="ViewportTexture" id=25]
viewport_path = NodePath("SpecularData/Viewport")

[sub_resource type="ShaderMaterial" id=26]
resource_local_to_scene = true
next_pass = SubResource( 11 )
shader = ExtResource( 3 )
shader_param/base_color = Color( 0.282353, 0.521569, 0.823529, 1 )
shader_param/paint_color1 = Color( 3.17647, 1.4, 0.129412, 1 )
shader_param/paint_color2 = Color( 1, 1, 1, 1 )
shader_param/paint_color3 = Color( 1, 1, 1, 1 )
shader_param/specular_softness = 0.425
shader_param/specular_size = 1.0
shader_param/specular_color = Color( 0.364706, 0.831373, 0.882353, 1 )
shader_param/outline_color = Color( 0.0431373, 0.105882, 0.266667, 1 )
shader_param/outline_size = 0.165
shader_param/key_light_color = Color( 0.945098, 0.905882, 0.8, 1 )
shader_param/fill_light_color = Color( 0.164706, 0.0509804, 0.168627, 1 )
shader_param/kick_light_color = Color( 0.25098, 0.341176, 0.341176, 1 )
shader_param/shadow_color = Color( 0.152941, 0.164706, 0.239216, 1 )
shader_param/dark_metalness_color = Color( 0.13385, 0.10498, 0.335938, 1 )
shader_param/light_metalness_color = Color( 0.681976, 0.875986, 0.914063, 1 )
shader_param/metalness_contrast_factor = 0.497
shader_param/metalness = 0.146
shader_param/world_camera_position = Vector3( 0, 3.431, 3.985 )
shader_param/anisotropic_specular_color = Color( 0.207843, 0.682353, 0.65098, 1 )
shader_param/anisotropic_specular_width = 10.0
shader_param/anisotropic_specular_strength = 0.0
shader_param/anisotropic_specular_contrast = 5.0
shader_param/anisotropic_specular_brightness = 0.85
shader_param/light_data = SubResource( 20 )
shader_param/specular_data = SubResource( 25 )
shader_param/metalness_texture = ExtResource( 9 )
shader_param/paint_mask1 = ExtResource( 25 )
shader_param/key_light_ramp = SubResource( 17 )
shader_param/fill_light_ramp = SubResource( 13 )
shader_param/kick_light_ramp = SubResource( 19 )
shader_param/outline_ramp = SubResource( 22 )
shader_param/soft_specular_ramp = SubResource( 24 )
shader_param/hard_specular_ramp = SubResource( 15 )
shader_param/anisotropic_ramp = ExtResource( 11 )
shader_param/anisotropic_sharpness_ramp = ExtResource( 12 )
shader_param/anisotropic_softness_ramp = ExtResource( 13 )
shader_param/high_frequency_anisotropic_noise = ExtResource( 17 )
shader_param/low_frequency_anisotropic_noise = ExtResource( 19 )
shader_param/spottiness_anisotropic_noise = ExtResource( 18 )

[sub_resource type="PlaneMesh" id=27]
size = Vector2( 100, 100 )

[sub_resource type="SpatialMaterial" id=28]
albedo_color = Color( 0.341176, 0.34902, 0.356863, 1 )

[node name="AdvancedToonDemo" type="Spatial"]

[node name="LightData" type="ViewportContainer" parent="."]
self_modulate = Color( 1, 1, 1, 0 )
anchor_right = 1.0
anchor_bottom = 1.0
stretch = true
__meta__ = {
"_edit_use_anchors_": false
}

[node name="Viewport" type="Viewport" parent="LightData"]
size = Vector2( 1920, 1080 )
world = SubResource( 1 )
transparent_bg = true
handle_input_locally = false
msaa = 3
usage = 3
render_target_update_mode = 3
shadow_atlas_size = 1024

[node name="rat" parent="LightData/Viewport" instance=ExtResource( 1 )]
transform = Transform( 0.537255, 0, 0.84342, 0, 1, 0, -0.84342, 0, 0.537255, 0, 0, 0 )

[node name="KeyLight" type="DirectionalLight" parent="LightData/Viewport"]
transform = Transform( 0.738701, 0.341194, -0.581298, 0.0955811, 0.800678, 0.591421, 0.667222, -0.492445, 0.55885, 5.18076, 3.89918, 1.07525 )
light_color = Color( 1, 0, 0, 1 )
light_specular = 0.0
shadow_enabled = true

[node name="FillLight" type="DirectionalLight" parent="LightData/Viewport"]
transform = Transform( 0.96157, -0.0411718, -0.271455, 0.254558, 0.504142, 0.825252, 0.102875, -0.862639, 0.495249, 5.18076, 3.89918, 1.07525 )
light_color = Color( 0, 1, 0, 1 )
light_specular = 0.0

[node name="KickLight" type="DirectionalLight" parent="LightData/Viewport"]
transform = Transform( -0.961075, -0.205081, 0.185141, -0.21394, 0.976416, -0.0289956, -0.174828, -0.0674759, -0.982284, 1.26558, 1.90643, -2.29419 )
light_color = Color( 0, 0, 1, 1 )
light_specular = 0.0

[node name="Camera" type="Camera" parent="LightData/Viewport"]
transform = Transform( 1, 0, 0, 0, 0.908916, 0.416978, 0, -0.416978, 0.908916, 0, 3.34385, 7.32658 )
current = true

[node name="Sphere" type="MeshInstance" parent="LightData/Viewport"]
transform = Transform( 1, 0, 0, 0, 1, 0, 0, 0, 1, -1.44328, 3.11, 1.45094 )
mesh = SubResource( 2 )
material/0 = null

[node name="SpecularData" type="ViewportContainer" parent="."]
self_modulate = Color( 1, 1, 1, 0 )
anchor_right = 1.0
anchor_bottom = 1.0
stretch = true
__meta__ = {
"_edit_use_anchors_": false
}

[node name="Viewport" type="Viewport" parent="SpecularData"]
size = Vector2( 1920, 1080 )
world = SubResource( 3 )
transparent_bg = true
handle_input_locally = false
msaa = 3
usage = 3
render_target_update_mode = 3

[node name="rat" parent="SpecularData/Viewport" instance=ExtResource( 1 )]
transform = Transform( 0.537255, 0, 0.84342, 0, 1, 0, -0.84342, 0, 0.537255, 0, 0, 0 )
script = ExtResource( 8 )
specular_material = SubResource( 4 )

[node name="KeyLight" type="DirectionalLight" parent="SpecularData/Viewport"]
transform = Transform( 0.738701, 0.341194, -0.581298, 0.0955811, 0.800678, 0.591421, 0.667222, -0.492445, 0.55885, 5.18076, 3.89918, 1.07525 )

[node name="Camera" type="Camera" parent="SpecularData/Viewport"]
transform = Transform( 1, 0, 0, 0, 0.908916, 0.416978, 0, -0.416978, 0.908916, 0, 3.34385, 7.32658 )

[node name="Sphere" type="MeshInstance" parent="SpecularData/Viewport"]
transform = Transform( 1, 0, 0, 0, 1, 0, 0, 0, 1, -1.44328, 3.11, 1.45094 )
mesh = SubResource( 2 )
material/0 = SubResource( 4 )

[node name="WorldEnvironment" type="WorldEnvironment" parent="."]
environment = SubResource( 6 )

[node name="rat" parent="." instance=ExtResource( 1 )]
transform = Transform( 0.537255, 0, 0.84342, 0, 1, 0, -0.84342, 0, 0.537255, 0, 0, 0 )
script = ExtResource( 2 )
material = SubResource( 10 )
flesh_color = Color( 0.960784, 0.756863, 0.811765, 1 )
eye_color = Color( 2.00392, 0.376471, 0.0823529, 1 )
teeth_color = Color( 0.890196, 0.835294, 0.623529, 1 )
claws_color = Color( 0.0196078, 0.027451, 0.109804, 1 )
body_flesh_mask = ExtResource( 22 )
head_flesh_mask = ExtResource( 23 )
body_claws_mask = ExtResource( 24 )
head_teeth_mask = ExtResource( 5 )
head_eyes_mask = ExtResource( 4 )

[node name="LightRemote" type="RemoteTransform" parent="rat"]
remote_path = NodePath("../../LightData/Viewport/rat")

[node name="SpecularRemote" type="RemoteTransform" parent="rat"]
remote_path = NodePath("../../SpecularData/Viewport/rat")

[node name="Sphere" type="MeshInstance" parent="."]
transform = Transform( 1, 0, 0, 0, 1, 0, 0, 0, 1, -1.44328, 3.11, 1.45094 )
mesh = SubResource( 2 )
material/0 = SubResource( 26 )

[node name="LightRemote" type="RemoteTransform" parent="Sphere"]
remote_path = NodePath("../../LightData/Viewport/Sphere")

[node name="SpecularRemote" type="RemoteTransform" parent="Sphere"]
remote_path = NodePath("../../SpecularData/Viewport/Sphere")

[node name="Camera" type="Camera" parent="."]
transform = Transform( 1, 0, 0, 0, 0.908916, 0.416978, 0, -0.416978, 0.908916, 0, 3.34385, 7.32658 )
current = true

[node name="LightRemote" type="RemoteTransform" parent="Camera"]
transform = Transform( 1, 0, 0, 0, 1, -2.98023e-08, 0, 2.98023e-08, 1, 0, 0, 0 )
remote_path = NodePath("../../LightData/Viewport/Camera")

[node name="SpecularRemote" type="RemoteTransform" parent="Camera"]
remote_path = NodePath("../../SpecularData/Viewport/Camera")

[node name="KeyLight" type="DirectionalLight" parent="."]
transform = Transform( 0.738701, 0.341194, -0.581298, 0.0955811, 0.800678, 0.591422, 0.667222, -0.492445, 0.55885, 5.18076, 3.89918, 1.07525 )
layers = 0
light_cull_mask = 4294967294
script = ExtResource( 7 )

[node name="LightRemote" type="RemoteTransform" parent="KeyLight"]
remote_path = NodePath("../../LightData/Viewport/KeyLight")

[node name="SpecularRemote" type="RemoteTransform" parent="KeyLight"]
remote_path = NodePath("../../SpecularData/Viewport/KeyLight")

[node name="FillRemote" type="RemoteTransform" parent="KeyLight"]
transform = Transform( 0.803284, -0.557799, 0.208795, 0.481241, 0.81441, 0.324259, -0.350916, -0.159992, 0.922638, 0, 0, 0 )
remote_path = NodePath("../../FillLight")

[node name="FillLight" type="DirectionalLight" parent="."]
transform = Transform( 0.96157, -0.0411717, -0.271456, 0.254558, 0.504143, 0.825252, 0.102875, -0.862639, 0.495249, 5.18076, 3.89918, 1.07525 )
shadow_enabled = true
shadow_bias = 0.0
shadow_contact = 0.25

[node name="LightRemote" type="RemoteTransform" parent="FillLight"]
remote_path = NodePath("../../LightData/Viewport/FillLight")

[node name="KickLight" type="DirectionalLight" parent="."]
transform = Transform( -0.961075, -0.205081, 0.185141, -0.21394, 0.976416, -0.0289957, -0.174828, -0.067476, -0.982284, 1.26558, 1.90643, -2.29419 )
layers = 0
light_cull_mask = 4294967294

[node name="LightRemote" type="RemoteTransform" parent="KickLight"]
remote_path = NodePath("../../LightData/Viewport/KickLight")

[node name="Floor" type="MeshInstance" parent="."]
transform = Transform( 1, 0, 0, 0, 1, 0, 0, 0, 1, 0.0020504, -0.0073359, 0.00449657 )
mesh = SubResource( 27 )
material/0 = SubResource( 28 )
