[gd_scene load_steps=17 format=2]

[ext_resource path="res://assets/ratModel/rat.tscn" type="PackedScene" id=1]
[ext_resource path="res://Demos/AdvancedToon/KeyLightRotate.gd" type="Script" id=2]
[ext_resource path="res://Shaders/outline3D.shader" type="Shader" id=3]
[ext_resource path="res://assets/ratModel/rat_head_albedo.png" type="Texture" id=4]
[ext_resource path="res://assets/ratModel/rat_albedo.png" type="Texture" id=5]
[ext_resource path="res://assets/sphere_tech_albedo.png" type="Texture" id=6]

[sub_resource type="Environment" id=1]

[sub_resource type="ShaderMaterial" id=2]
shader = ExtResource( 3 )
shader_param/thickness = 0.015
shader_param/outline_color = Color( 0, 0, 0, 1 )

[sub_resource type="SpatialMaterial" id=3]
next_pass = SubResource( 2 )
flags_do_not_receive_shadows = true
params_diffuse_mode = 4
params_specular_mode = 3
albedo_color = Color( 0.831373, 0.831373, 0.831373, 1 )
albedo_texture = ExtResource( 5 )
metallic_specular = 0.0
roughness = 0.03
rim_enabled = true
rim = 1.0
rim_tint = 0.89

[sub_resource type="SpatialMaterial" id=4]
flags_unshaded = true
albedo_color = Color( 0.968627, 1, 0, 1 )

[sub_resource type="SpatialMaterial" id=5]
next_pass = SubResource( 2 )
flags_do_not_receive_shadows = true
params_diffuse_mode = 4
params_specular_mode = 3
albedo_color = Color( 0.832031, 0.832031, 0.832031, 1 )
albedo_texture = ExtResource( 4 )
metallic_specular = 0.0
roughness = 0.03
rim_enabled = true
rim = 1.0
rim_tint = 0.83

[sub_resource type="SphereMesh" id=6]

[sub_resource type="ShaderMaterial" id=7]
shader = ExtResource( 3 )
shader_param/thickness = 0.015
shader_param/outline_color = Color( 0, 0, 0, 1 )

[sub_resource type="SpatialMaterial" id=8]
next_pass = SubResource( 7 )
flags_do_not_receive_shadows = true
params_diffuse_mode = 4
params_specular_mode = 3
albedo_texture = ExtResource( 6 )
metallic = 0.72
metallic_specular = 0.91
roughness = 0.02
rim_enabled = true
rim = 1.0
rim_tint = 0.85

[sub_resource type="PlaneMesh" id=9]
size = Vector2( 100, 100 )

[sub_resource type="SpatialMaterial" id=10]
albedo_color = Color( 0.454902, 0.454902, 0.454902, 1 )

[node name="BuiltInToonDemo" type="Spatial"]

[node name="WorldEnvironment" type="WorldEnvironment" parent="."]
environment = SubResource( 1 )

[node name="rat" parent="." instance=ExtResource( 1 )]
transform = Transform( 0.537255, 0, 0.84342, 0, 1, 0, -0.84342, 0, 0.537255, 0, 0, 0 )

[node name="body1" parent="rat" index="0"]
material/0 = SubResource( 3 )

[node name="eyes1" parent="rat" index="1"]
material/0 = SubResource( 4 )

[node name="head1" parent="rat" index="2"]
material/0 = SubResource( 5 )

[node name="teeth1" parent="rat" index="3"]
material/0 = SubResource( 5 )

[node name="Sphere" type="MeshInstance" parent="."]
transform = Transform( 1, 0, 0, 0, 1, 0, 0, 0, 1, -1.44328, 3.11, 1.45094 )
mesh = SubResource( 6 )
material/0 = SubResource( 8 )

[node name="Camera" type="Camera" parent="."]
transform = Transform( 1, 0, 0, 0, 0.908916, 0.416978, 0, -0.416978, 0.908916, 0, 3.34385, 7.32658 )
current = true

[node name="Floor" type="MeshInstance" parent="."]
transform = Transform( 1, 0, 0, 0, 1, 0, 0, 0, 1, 0.0020504, -0.0073359, 0.00449657 )
mesh = SubResource( 9 )
material/0 = SubResource( 10 )

[node name="Lighting" type="Spatial" parent="."]
script = ExtResource( 2 )

[node name="KeyLight" type="DirectionalLight" parent="Lighting"]
transform = Transform( 0.97435, -0.034745, -0.22234, 0.160422, 0.800133, 0.577973, 0.15782, -0.598816, 0.785183, 5.18076, 3.89918, 1.07525 )
layers = 0
light_color = Color( 0.945098, 0.941176, 0.898039, 1 )
shadow_enabled = true
shadow_color = Color( 0.560784, 0.560784, 0.560784, 1 )

[node name="FillLight" type="DirectionalLight" parent="Lighting"]
transform = Transform( -0.977563, 0.0365454, 0.207451, -0.0955743, 0.800678, -0.591422, -0.187715, -0.597979, -0.77922, 5.18581, 3.89918, 1.07525 )
layers = 0
light_color = Color( 0.388235, 0.415686, 0.572549, 1 )
light_specular = 0.0

[editable path="rat"]
